"x" "y" "z" "u" "v"
-1.09460111593106 4.7638175033524 0.556454646843308 -0.700833078110991 7.76345112621612
-1.72356731413645 -3.00996929765497 1.810217896555 -1.09779602414261 3.84048366621196
-0.732736292416664 -4.70661362243682 3.69730078960063 -2.98786180140506 -1.40489617807022
-1.35942464556918 -10.8450187099178 2.92109464493177 -2.76669374889104 0.595604607668463
1.38193217262229 0.651673254488439 -3.10902485722256 2.67230585681204 0.0263826855849988
2.01398039559126 4.2860441746455 -1.64805839331069 1.87046569882257 -5.08916759126715
-0.448924014024551 -2.0095736758962 0.151870988722536 0.594950206581732 -2.46181000777602
-0.350884964206688 1.35433878532696 0.136863639056222 -1.62151270319752 -2.01287661266676
1.60211222017955 2.48641069916976 -2.06561061417366 1.68874590727328 -1.72421741719725
-0.765669358754133 1.65058827448851 2.12584077053243 -2.10663213216742 2.64680527846098
1.44397220562093 -5.50932082514275 -3.14239527277548 3.74292118672416 2.93151479452832
0.637632117715128 -3.36881569864167 -1.01674911496336 2.7211379866399 -0.813617269920461
0.808832743668447 7.30124978250887 -0.444487933024721 1.04691918327631 -0.489807847510619
-0.190720374901106 3.72568709142191 1.13556590603538 -0.673896962077332 -1.51988865326744
2.57465608571944 0.885285695808714 -4.10224689532563 4.39097896600305 -3.15249071390802
3.41221203480149 9.20143945800595 -5.18619923576961 4.87131059950629 -7.54859271859396
-0.864785010629731 -1.42221297500524 0.984546666228145 -1.36338833300635 0.302667500275125
0.463752670515234 -4.48122066379778 -0.634384592456415 1.24626804925107 -7.96051524568072
-2.12957371225046 2.6731361052816 5.00910375015335 -3.99869056088122 -3.65121569268366
1.44083941818066 0.450116512569567 -3.07123494364754 3.47771107543535 2.07636475542997
-0.378017460153016 3.1647899007699 0.460875371481007 -0.900748223926418 4.46580904451623
-2.70529575535516 1.60682471569776 6.78526218505453 -6.33757170340687 -2.56414370702401
0.832006601771835 -1.92339670804977 -0.112617262793585 0.353964588425419 -3.02689853176453
3.77204769930965 -1.32975470483287 -8.82434804830062 7.89363341464967 -0.372928126564055
0.368372697962911 -2.13846303631157 -0.421970131742531 1.04678099887963 -1.22210402416014
1.0551277593022 -2.12676701330088 -1.74192562211737 1.49193328537623 2.42605801882983
0.8214452415772 -1.6776301298988 -0.969302849273237 0.10003829643983 -3.11956907769156
0.00519465755288053 5.19585657174946 0.533658109743747 -0.593709883649982 -3.26849220126222
-0.369085190522019 -1.49092658087056 -0.348211390845989 0.562756864610869 -1.94178130680719
-0.0994866513450677 -1.77944627874584 -0.441791821069812 -0.864491257969846 -1.54167974508128
-0.666006226033329 0.500760517799277 0.152651325382028 -0.135877937351883 1.02414886236118
-0.293099623931811 1.36141875620565 0.304775453278842 0.383151533971412 2.39541428141779
-0.224958110672051 -6.44845349259671 -0.317176065194147 0.772034254002323 3.58923344619137
0.578661858212037 -3.55361348758752 -0.397352756145289 0.834008840888732 -4.27431732871961
0.974115856638579 -4.94317117471815 -3.19034984428393 2.87913318198527 -0.0415118309978977
-1.63680854430358 5.16909839467447 3.20122112780043 -2.96358660199876 -3.74361580826265
0.709791236257279 -6.94681390475602 -3.83033896511978 4.21926253174364 1.4683472019773
0.560363224427204 -1.54427555977735 -0.460744424739053 0.689158356152042 -2.96171559677755
-2.94176846120851 -2.21144229082814 7.81548279097561 -7.53690405601185 -5.18192659848839
1.47335019996253 4.43470509661464 -3.74584812353838 3.06427976601395 1.28220685577626
-0.215358766813156 3.08601515312784 0.742615444547159 -1.71769347322289 -1.44721518582061
1.84510300428388 12.6890935142401 -4.46843461494737 4.4730716973276 -3.13820578389907
-0.337561382786399 6.04608369738286 1.76067250444429 -1.85046118129072 10.1878567875945
0.0710575694846262 -0.580937650327596 -3.29429461789999 3.11835560458392 5.58899928371147
0.953050054183245 0.318899537165178 -0.975814703771929 2.90712659153533 -0.080177638435914
-0.786050567515163 -3.82560711049083 0.787591380369865 -0.0167896289299143 5.17278589837456
2.07556140796869 -1.31651561915881 -3.95763357694875 2.09838994704402 2.15084449065864
1.90125462286874 -2.81264222738521 -4.89602321676012 5.26592687974122 2.69920353513198
-0.0807620417048106 -1.29411742869446 -0.756633821093173 0.175095273185861 -2.11812007057227
-0.237357891756822 3.59237005944796 0.00590791711746186 -1.11091458346839 7.27292155231997
0.416197255317286 -13.1908790732498 -1.92865052991192 2.83474162665415 5.5595741651095
-0.676488168542396 2.9801674648132 -0.268381623264065 -1.89640525842138 3.66637272856996
3.70011955112995 6.56201032136926 -5.15442623628838 4.43431237472524 -2.76444011820948
0.165322787265766 2.30294549892472 -0.0278814450324757 -0.00512158343046175 -1.05477257347053
1.07564309789928 -2.63138656173532 -4.31816439293147 3.83552488966402 3.0704853466429
-0.428077828067679 -0.0452064406015336 0.733561512855524 -0.15665906391992 -2.63251197539228
-1.31546990071794 0.0491753725730492 2.18027118565352 -1.89573341542818 3.15563411795002
-0.228333486089618 1.86456814530506 -1.09189590735457 0.0798780140155504 2.19559460310298
-0.516998051279257 -0.684505723184776 0.0277141163753164 0.783487124033864 0.843675414133538
0.520112224319413 0.304954917330135 0.364250053491207 0.167385854829279 0.299497961908691
-0.0460983837463898 -3.59012185388395 0.0793604804246943 1.06914981682572 -5.97075184518825
-0.109383257857387 5.30260785216907 1.31501411667628 -1.0326200352652 0.27839774302391
0.903402988521485 1.75671802759118 -1.23954715906363 2.37855856098638 -0.823386178631898
-1.2051001210277 -10.2780827644695 1.30892399073366 -0.358054717125807 4.83808249724549
-0.998694087016065 -1.17615441473497 0.324795666918883 -0.727085200359097 3.39034702729591
-0.835053377250298 0.0283832775996247 0.740610464775215 -0.00652593043404948 -0.388281810883068
1.54725169953712 -0.694640146735514 -3.40731445125803 3.14865836642734 4.89561464753542
0.055506192068476 -1.109182737068 -0.743432046025192 0.430664315128703 -0.655211474460984
0.597612830893266 3.25061913583463 -1.43011313260835 1.91684722710293 -2.00472675324622
3.83173694884587 4.6591488212876 -8.4715588842892 7.07079841100004 -0.065573016043183
0.879374366594476 -0.677004520629505 -0.439759641421887 1.48065856533618 -2.71956395314066
-0.687599679791624 0.539275409046552 -1.08077777968397 -0.41180668200708 -0.148877675809128
-1.33277683255416 -4.50635074939007 2.85667301679619 -3.34431824893289 -1.32803202083049
-2.88570471278332 -6.38681832023457 7.38124288591406 -5.9547100897472 -1.65213818019281
2.45704014702083 -0.275490894813196 -3.19608286370421 3.37233962305214 1.72720611253403
-1.27550512184176 4.48876892775136 0.470324067175703 -0.58586800853368 6.96477991480404
1.49606325248908 -5.60843511656069 -1.79192667350978 2.77778000028629 0.361215354270043
-2.14186119127249 -6.35881094947959 2.66718363413079 -1.44450288465083 -1.23017376138097
-0.538894612442134 -3.50063836385132 1.84472058540131 -1.74129175066193 -2.44904448716616
-0.327428015809746 6.48852096033518 -0.817467724476595 0.0753342561773181 0.624770175926549
-1.28246851340389 4.29908306186978 2.5232188750806 -2.6463631272175 -3.44072069211299
-0.0886850960997774 -1.25924870235675 -0.411169839325032 1.78201177813188 -3.50339865658982
0.506618863680548 1.35035749938453 0.221557843381899 -1.34814240397201 1.59446684877353
0.0278972058488187 -4.02061246952255 -1.19514713700904 0.583384970896417 1.18745730294267
-0.760931618296606 -1.42396502990029 1.18722684373123 -1.68946386530462 1.18449498917557
-3.49347831012425 5.49750142738214 5.20040126178685 -5.71429077622695 -1.91459183442711
0.151198220895441 1.9464954258234 -0.135310407169552 -0.584978860557869 2.27976868268709
-0.0910851921341351 -2.04414232141953 0.444093266937343 -0.383463975247446 0.910001562244025
-3.82522542080252 -5.70091530166975 5.57792575764507 -5.58023822996915 4.31867787048972
0.531350239796076 -1.93609612744219 -0.431818109237665 0.8716485514181 0.526427798505877
0.374899277735591 4.19066739347075 -0.250097815627946 -0.14692216851465 1.37237498733916
0.248413142964591 2.84694612186207 -1.12814093165733 -0.575058486497756 2.55526698644065
-0.351354884379481 0.441616691292173 0.760052128847942 0.201937568916526 2.45330004484701
1.24762181858202 -0.82270935507535 -1.4068145417568 1.76349694747529 -1.96368984734784
-0.84862651512834 -6.01779860534127 0.238517946422181 0.575953365336932 0.331252076264898
-3.48766202037147 0.509172896087847 5.39011984998484 -4.87151819040263 1.67994007893627
0.774298747521167 1.97971558652351 -2.65862190025749 2.7438099170524 -1.07037522448647
1.02578900205161 3.25541836394331 -0.00589828646649351 -0.268103160854513 -5.20380870705805
3.57336516737499 6.49307281581513 -5.47901773108562 5.46050293188425 2.44248811212826
-0.292901488634224 2.98257973499064 0.554202377534124 0.0273716885296514 6.12742927558601
0.0217758621836527 -4.43975893625865 0.491985076832446 -0.969133778867054 -0.487214961596507
-0.0382818253501566 -0.568539891395982 0.370523889007744 0.556428288844692 -1.44562716048857
0.91931783340758 0.541793598578496 -2.09367008911293 2.08605650838793 -3.34804601359505
0.440969498361521 -0.0329761551212011 0.405794089687596 -0.446033628446878 -0.0828542439674887
2.06718250558414 1.10879153515887 -1.76520220911809 2.06300628520314 -3.4401304285756
-1.08977597322817 3.66944043466563 0.693569061274015 -0.372230858268442 6.78499035039628
0.173334401067947 -1.72144748881425 0.157183876996427 0.00769208496185209 -3.09583310311373
1.24194665566619 6.07806820308756 -2.03932729209032 0.776934850119362 0.618451586907118
1.59442302482746 5.16765776277072 -5.69724229929947 4.85540918999437 -1.70423910083679
-0.990133453281609 -1.95798577622188 0.131352111069889 -1.37286624178437 1.06897918783875
-1.96018635031361 2.55246802482331 4.0296722276371 -3.48065862477298 -5.33011469220107
-1.59765805198172 1.84480026840614 6.05474112898754 -4.92460065081384 -5.95440660411901
1.90653107072447 -6.60919740762146 -3.74251085393348 3.98449623455307 0.997942387230315
-0.964346798670426 -2.56401319449825 1.63891237229131 -1.47124955732516 -1.60929601284972
1.5607480030344 -6.63285110391141 -3.78229141218265 3.47627126378918 5.16097456754497
-0.179670236998384 1.41128058878436 0.13605267363815 -0.11608324182398 2.39232850616098
-0.789575223250279 -10.7676894350092 2.49810270455059 -2.30609198378949 1.77114505536816
1.28565726654517 0.23600701858171 -2.21036180749223 1.99860803397801 -0.606946121300728
0.695614538697954 1.66751928162258 -2.49287137729333 1.87445667349707 -0.18241103853475
-1.78032772894646 -1.69585768190369 1.81653171107744 -2.80172730698338 3.35483081760558
-0.0724596691675784 5.40352274141808 0.195110851211106 -1.75337492491551 0.0818534379698688
-0.56881223985055 -2.97353348533341 0.838578145940305 -0.401884601249314 -2.48432275775784
1.69326199625051 5.69753493335696 -0.665227738691649 1.28603858349013 -2.42858869833741
3.09211389585825 -5.43021284219376 -5.52016920411085 5.33958958625638 1.43888369243167
2.41227309399704 9.50911210641731 -4.098975384697 3.58639715259568 -2.24908504793556
-0.814413148024368 0.713787390969437 -0.346496013521927 -0.775363693261123 2.36087974706972
-3.68921796013427 0.740279713174796 9.51836731150859 -7.11398697444153 -3.20882006806579
-0.289192342675912 -5.75600067386007 0.761029876213625 -1.63219491489782 6.61079144365083
0.291632268957367 2.00958142528959 -0.00862960463854179 0.512333088370778 3.31711327187593
-2.85492536092203 -2.4939979330825 5.44959306116764 -4.81051627500718 -3.09756553996624
3.64477158771399 9.36598604569234 -7.15498465818108 5.8478585866264 -7.1559421479049
0.0203899918529657 6.71568294443769 0.0113593466523922 0.183775157279094 -0.562503953063274
0.916071565818622 0.0621540157519042 -0.55184186903375 -0.1650208912599 -3.81711964467602
0.119312426596133 4.59114955390846 -0.974700003187886 1.40758865774347 1.54030334793626
-0.331243906025317 -3.82885923455846 0.802159823935725 0.100970427789715 2.21775925687567
-2.003291326971 -5.81539212372748 4.409247679849 -3.08358437367131 2.9263389793432
0.37556655094092 1.48751561499081 0.15515760439572 0.328567408839973 2.42433529590071
0.254512011330812 -7.50230821825214 0.607061032327949 0.184925398795059 1.27345915894496
0.922784537396602 -8.20379482807308 -1.53172895495022 1.43198790621968 0.921176255411272
0.629783747152352 -2.78872097350029 -3.09608969523706 3.61774415377636 5.92253763119159
-0.290712581045592 -2.1471403561764 -0.132324602180863 0.0501654829577265 -3.89658571916243
2.1253964253565 -5.00366710767222 -0.550827766838301 0.00799667214946878 -8.69640430326324
2.82728229139229 4.49805426875442 -4.19356830967213 3.30444039552013 -3.91866669825685
-0.714210501209515 -7.40518184358549 2.7404274651161 -1.13141843757888 3.98682199454999
-0.404244730397976 3.09380501397988 -0.448631939864992 -0.245534588606461 2.93384647725428
1.66551723545255 -6.11546816912818 -4.37977443753419 4.3121374527203 0.755924341497386
1.08225548595597 -4.24330434943504 -0.771048203854091 1.53875255193329 -6.43833235222972
-1.69708886832064 -1.77895434827252 2.68847229484624 -3.38218029705829 0.217309148488049
3.95306136432601 0.412691351968989 -6.82409150518438 6.40794614429029 1.60923961159544
0.134107745599972 -2.09347286504194 1.20298866294613 0.0585763190201929 -2.10018709307385
1.75123544277381 -6.55549815458522 -3.37789946588582 2.81237474366585 0.623988041220938
-2.96484585328421 3.02383239825674 2.41885690567053 -2.91508342066513 0.421552975177245
0.413402102986075 -0.438960841554777 0.354601273978305 0.103316458593455 -0.488982115131411
0.371004864446686 3.89607638762828 0.806617624130859 0.256065090765097 -1.37446291275048
3.22064329977048 -4.51972194564089 -5.52320518902038 4.24195703876073 -0.229557343795447
-0.940612176495758 -9.91470567218939 2.14387771835991 -2.07927260975347 4.75129172112062
0.14648658134183 6.01467280827877 -1.76468572380538 1.03852930851801 0.395413068335159
1.7457737954861 3.84450995113137 -1.52165044591457 0.703802969394503 -4.8464670909682
2.87868353171375 2.93621504840173 -5.4822237196325 5.94123471435023 -2.4551588634351
-0.694756933205623 6.80956232269645 1.54793394056631 -1.70734321540197 -4.14754088340883
0.454400788116677 1.58664862363344 -2.18204080755473 0.525156815135268 -0.699358852062833
-2.06948119035239 -3.44427299899605 4.76587086685706 -3.38799434673558 -0.792765375433497
-0.882388064292133 -2.64391307265625 4.06349436290954 -2.88241169470614 -1.78387367978397
-1.08555926363598 -2.45189546817907 2.31090947719429 -1.8823041329291 -3.80781401471319
0.16045519882367 -1.43692632419265 0.222682425489298 -0.0622504357912379 -3.12224515008932
-0.612027428363899 -1.03308091845219 0.147026858737423 0.39715755154758 3.92343505382144
-0.670019484993363 1.30051895986796 1.96630008304937 -2.09098278023152 2.35822588672244
-1.86345739420911 4.78016603749445 3.74970475518556 -2.85282165682848 -0.948928980340839
-4.22671049084808 -1.89484228412037 7.78115184523952 -7.99962360181918 1.55959807543969
0.50885696199582 0.512347469016223 -0.356948108841489 -0.668722304637212 -1.18208682287275
0.0475137285886896 -1.00932023808505 1.47607584118152 -2.1439684489087 4.17075290161555
0.686477352630677 -2.16569747451632 -0.704874452213877 0.593694926797287 -2.47141756985017
0.129445476994468 1.79579903283913 -0.349123362481916 -0.424044191935887 1.4470901042056
-1.40655287597828 5.93296023152049 0.468457928321849 -0.656218759334855 10.0218557516373
-0.518070408419987 0.142688592351858 -0.178886829561487 0.173457195819778 2.58879484224498
-0.541066047284628 -0.730650151312265 -0.00995132373320212 -0.155638578243734 4.36067440563469
-0.761714046931982 4.12486279071417 0.759429784136906 -0.64472131599469 7.04266358535543
0.753918398637923 -6.41936354575475 -3.37133663378534 3.72867889446742 8.02058324161069
1.7185162611586 -1.9421431611592 -1.72444277407179 1.08622785427492 -2.94026380748818
0.541919568322888 -1.12948765931648 -0.814623689494961 0.773333387503005 -2.58293608433815
-0.213631829664989 7.02424044597457 3.26614332095532 -2.31372079808249 -1.07418589665555
0.226071352977108 -0.0739055387042535 -0.446377225644474 1.25993384508991 -3.33149748024359
-2.23900419007627 -7.03686718953658 3.37543631401706 -3.51854950358532 6.37082007780649
-0.402157489977133 -5.85818370505843 1.13010608221977 -0.993606790759872 3.33432315763414
0.615325765454959 -0.176298392883577 -0.566998690586577 -0.125569065439385 -2.5310598795447
-1.49698075504068 1.94503137778997 4.31930209348948 -3.72976085414647 0.720019618330385
-0.249361642487756 5.08027621282607 0.671367806555339 -0.0370372971173287 7.89930145294312
-1.79521328023258 -0.612745505727028 5.22372434343262 -4.68003662303309 -4.73151015602261
-0.389867232448392 -4.91974589497709 0.200715930730515 0.164283619817462 2.9001463524185
2.99609410663992 1.59261864666732 -5.35484933126411 4.1837909822939 0.0515893331120005
-1.55923104826789 -4.94109222173943 4.15325996140745 -3.19582935720826 -1.70769398440583
0.65432865575098 5.63941799358665 -2.63475781915068 1.63008822951966 -2.04716816571612
-1.82722276994768 6.78233371795141 3.56900510938828 -3.53982859590326 -3.65121226208976
2.2923886657033 3.88477736096047 -5.13320300109577 4.33396623618235 2.68538953088701
0.676549669331698 5.36294293429402 0.925170183772238 -0.558381984460852 -6.25429756852375
0.703452677788579 -1.40766602755328 -1.03293254443114 0.438376387915229 -3.994540709839
2.27823929235608 0.822808860030243 -4.42389466632291 4.36633826779254 -0.157969823155371
1.66626164600853 -2.9107190982424 -1.98289623162247 2.33829320253129 -1.52527796844161
1.83707820722969 -6.79224479197978 -3.59255289026903 3.12131612653027 1.16714906322481
2.12824449098148 2.13739105537687 -5.94356421308966 5.3802596930872 3.22261722745745
-0.178685924765975 -4.91768638368512 0.166206373504747 -0.725098517060395 2.85450380211024
0.374396724388846 -0.304571911029653 -1.29128797616312 -0.00156306154372077 0.174879702693864
-1.11313694972747 -5.29792627576491 2.77350011684305 -1.81309836653314 -1.94211013625124
-0.411156136490899 2.75163139981043 3.01597208147918 -2.37342927376066 -6.00171869559377
-1.21526244034218 4.28205399678288 3.71199539872837 -2.21002450436012 -7.51616642942523
-1.89136756009855 -9.56764624022491 2.23809038920625 -2.59011546256857 8.66578385877232
1.44646654294835 -4.56146803363897 -2.16419142249508 1.9492713291337 0.427422161788528
2.34240323357595 0.534476440053706 -5.52976366705368 4.43252778720351 -2.092257965452
-0.275056331154318 4.38461989394668 1.73188832362012 -1.05211161855981 8.55553476083286
1.68938781933937 0.146963113191015 -6.50208601425173 5.14326757530102 4.22212579175242
-0.483915874989466 1.59367864930204 0.660941621640695 -0.731750292914428 3.0926153026628
-0.107064539645859 3.21191000478644 1.30092170244905 -0.931784756957658 -2.3230089650269
0.676544280169274 2.19688647444882 -1.50380430979512 1.33841998800933 -0.446813269145958
0.731821538473211 -2.0722162361779 -0.122568668118128 0.232276271617896 -4.17921049425361
-2.45047858012877 -3.46811530152504 4.06795151595316 -4.34863311139371 1.3277542411777
0.664443955361095 0.731341655711121 -1.04094330703747 -0.365411932232692 1.36628724169859
-3.21920436976989 -1.30452538374582 5.27017436044261 -4.31457706673235 3.548315102419
0.417431765833971 7.47939901285465 -1.43227481621311 0.0104414077005438 -1.05250678365049
0.120575853683642 -1.14048359123578 -1.05760522546395 1.32940100024131 4.3173677078259
0.476845994485428 -0.136970016521241 -0.657769748177479 0.804055700954314 0.670271168285974
0.129231253666631 -0.487162151586236 1.09971843537576 0.255735376713478 0.331645052308312
0.81126681400918 -2.2779141358092 -0.159425392925923 1.31938834679789 -4.28408660378181
-0.290484552808165 -2.83850184917169 0.913932039875248 -0.381910424365536 2.06269025553192
0.470895176173737 -3.2511949995988 -1.46023174445253 2.14307614642247 -1.38341299706297
0.2193668506665 4.55556053173141 -0.316768048768878 0.283118066653091 -2.24622037040263
0.216740544010391 -0.531932233285836 -0.744289552704659 -0.368940840944099 -1.28890776521554
-0.537748859688447 2.8387422462316 0.166667245557493 -0.542096524038909 3.55507946968655
2.00742422319647 3.46296644809725 -3.68510322454152 2.681217080033 -4.28705864034886
0.307191866506882 -4.49324679848474 0.511483377815909 -1.46510494352677 -1.15861170104063
2.73302094407275 -6.17939577616592 -8.43396995227187 8.11197448817227 6.04739212760842
-0.68512792563802 2.66949909220302 0.286441824005664 -0.288803200206353 6.07481649002479
-0.745505916500517 1.17019966162367 2.16338696683107 -2.75891174716338 -1.11439244115615
-1.63193857709892 -7.26298493362696 4.07016660077666 -1.83462927131926 6.24956477530149
-3.92513548127244 -1.57246204623093 6.14575175893583 -6.21234024063015 3.05505755670806
-1.41536231820428 -3.12615054694051 1.83391869198537 -1.17832246527716 -2.0427261718324
-0.357634073186881 0.500393228110606 -0.14509366797822 -0.0593731569411942 1.84727876910144
-1.54969434302218 -1.62349306904773 1.3078306702294 -0.324157972117541 1.49863330291646
0.864250057466485 2.04971173374334 -1.07540275224976 1.28069827437555 -5.08792369664356
-1.65528214404022 1.41650025563008 1.50925266869821 -1.55075344227825 1.51836814012972
0.560641870768107 -4.19820188152199 -0.768014970926889 1.38695506386409 -0.579679107585526
0.553352571552559 -2.18827555734037 0.959834192332766 -0.660975245304952 -2.64853621814441
-0.24577761316441 0.325571407367895 0.406893065034581 -1.23384939744821 -4.18164337644703
-0.0871908003060811 -2.31958639977402 1.9388530349229 -1.74018041660118 4.39420079286472
-0.154319133730722 0.481113177503723 0.43447353654065 0.342544007559867 0.364288239901048
0.734078512999793 -2.38527954805915 -2.47718316452246 2.20129744756247 2.37604121916414
-1.19383550496223 3.82696588783519 1.50836619967926 -1.43490330328726 0.755119905996678
-1.35257034648195 -2.36200481173908 4.33169433186781 -3.97608302662573 -3.25045469795469
-0.369798874106893 2.63375244964369 0.502808770474378 -0.568073399749688 4.71421429265754
-1.12873269493588 -2.31947547914332 2.25207572950774 -1.50578437506757 0.478532594845677
-1.70190507065329 -4.51357531405326 3.02838223971041 -2.43828959776474 -2.1377238722156
-1.00468150481941 -7.32655741438554 1.06009598830082 0.242798369120186 3.64341370010825
-3.36760392137933 -2.71000588323475 5.79519673339667 -5.80174576255236 3.28615881674284
1.87020478132274 -5.34043977334237 -4.28327462831699 3.90729536753067 7.68954446545971
-0.927031762603547 -0.252622286325619 3.83009504672333 -2.7623394179403 -4.75166775622287
-0.377654017814345 -1.00870493679556 -0.794282436351851 0.118255063421792 -1.42931294661188
-0.991761197538649 3.86434578113113 0.288413296126759 -0.597513526111273 6.66514169001287
0.179679256711022 -2.68557058949451 -0.338391817294835 0.767013274353913 -1.90968503979126
-3.11926327728004 1.80116019596969 5.46903091536887 -5.26971164983295 -2.26856048415637
0.0646874237672007 -4.16775540512772 -0.384539752072293 0.197750885394646 5.86905287740163
1.18793131767799 7.41501241886357 -0.854899067563843 0.381503463940446 -4.04702918575062
-0.792941727165228 -2.29733359357466 0.762140904710423 0.211924405702144 0.943175024096554
-0.893267252268935 0.232717275359225 1.50774277363912 -1.78651824430046 3.40940251026541
1.60397635281629 -3.79260676388104 -0.509960645392596 0.500879488216434 -5.7561384417666
-0.922932257309934 2.07846629957671 1.57441113597424 -2.0323010399312 0.816623280193786
0.234854990117232 -5.97734263828359 -1.26447844994566 1.97235885793794 6.88794549648296
0.585817599109159 -0.199570992997778 -1.85352905677586 0.986499678996945 4.62242336217637
-2.4650737887692 0.601736137433079 2.44172169294619 -3.06766993520852 2.22143249760265
-0.318847006257106 -0.678314731812369 -0.243501985884704 0.139186201526886 -0.804050836344171
-0.754823748348109 5.18800394931901 2.06262123332137 -3.26492526228303 -6.55196983500043
2.98296251484514 4.69084311518537 -6.0576907669416 5.16875151401288 -0.315692188362366
0.457200497852072 2.01191721301151 -2.62146443725891 2.36640075510332 -0.00494358098315308
0.160542332796651 -5.12852062931934 -0.739540288943089 2.53567786015698 3.64739332155012
0.598784563531716 -1.22810883602215 -0.892968786382232 1.11675125084118 -2.5712858418136
0.245005551704082 -1.8778434424684 0.147683544262582 0.266731403933011 -4.1194126868079
-0.115325681369038 -3.65084136177303 0.00815342081648907 -0.760751117560444 -0.860349834943849
0.290765116419321 1.16155511373218 -0.94651288113617 1.01728874304857 0.0718789131075867
1.737620523865 3.10663120444345 -2.95892478189269 3.22897722451109 1.49853572551615
0.907899854696577 0.634173711984878 -2.91600231070218 2.80859516299659 -0.171229343858148
0.417295876864401 -2.09119705182521 -1.88955382135362 2.5245956015566 2.31058580073354
-0.115306480824324 5.19757935853806 1.09967585646302 -1.57751208122945 8.3423662210514
-0.0173528425928034 -0.45848248841502 -2.41653189212457 1.87046131447275 0.715437840144699
1.52274825840155 1.60941250303004 -2.69669498705586 3.40364617675875 -3.01018893307411
-1.8540586674735 4.6233224941689 4.05688678844253 -4.50358151328826 -3.78270341835076
0.760347414773457 -7.57683586851308 -3.7520989486649 3.72396732328431 9.94659531990438
-0.245998167710417 5.18629649080404 0.389255099611576 -0.0422641387757728 0.736660122795978
-0.841431032055784 4.22692730769204 4.16831600115567 -3.39290293230849 0.0583429963102182
0.389229481785257 1.14506971538625 -0.408746439221164 0.809642635694657 1.90351993401541
-1.22042440088067 8.61463226427246 0.147979038794258 -0.503571682342644 -1.59627511930307
1.45717628380507 -0.262755866794318 -3.20184585695578 3.52069611356713 5.02539804420923
-1.95746291796862 -3.64946804551402 4.78524681949903 -4.53445229607883 -1.90560393736
0.784427099426801 -6.50026456415383 -2.16460418107544 2.29171924247356 1.21441149651575
-2.04213717411525 1.28676074945785 3.90869701654124 -3.41425553438838 1.63185396514571
-1.45605830781603 1.21154576293557 1.29139380889728 -1.15206377709748 1.89541789141565
-1.46183326479187 -6.4468444702545 2.47077134527502 -2.83163719897932 -1.30493367399946
0.113097296501748 1.65182155306965 0.221590678117576 -0.470883462025094 2.17542338537627
1.13174184572227 2.55659192529837 -0.482233628685112 0.868761710909471 -1.48955905192108
-3.59752662364595 -2.76993147263224 8.10134373086644 -8.15088047652669 -4.45965962576677
0.539815323799054 1.67790030257509 0.27157303813975 -0.101084360218782 -4.0286954248078
-1.98052431130851 3.1458199239048 5.19970904875609 -5.37607797918631 -2.8021672779501
-1.7765881852195 -8.97595919407618 2.28854560402649 -1.16200961721423 7.51129060376264
-0.534488159385872 -4.23337855307581 1.71605732062883 -0.735031497676631 1.48833485414794
-0.274767358640632 0.237320854220961 -0.223783929265148 -0.677234449446632 -0.223187055758215
3.83446271966456 8.65362844502694 -7.79153758462106 6.2226052760803 0.285430262079214
-2.21709841956686 -5.26141451015674 3.00225622125344 -3.47175686339152 5.77430257759927
2.55660213180542 11.9597004727146 -4.28829459848431 3.71645927339357 -6.03281026739504
-1.11125765399448 -0.333257895141636 2.94779751063632 -2.69386790293873 -0.407095837979626
-0.752174641406796 -0.964204038891977 1.72903699221504 -1.09332902737222 0.66791362057826
-0.850378544762475 -4.3734636922746 3.5854399605998 -2.05824198090057 1.30153476502021
1.82738212542046 0.725037406957963 -3.01810326908484 2.65966849529203 -3.1820789314712
-0.704402787847523 -2.25011212040621 1.82373530399745 -1.36098754750357 0.0472080531889456
-0.645394647124857 2.81777341827098 1.04213111559843 0.0502138096116505 3.62120101274633
-0.0990648980182042 -2.86148705176584 0.311970506856073 -0.209465950850358 -4.09446146008698
1.75330499558163 4.34704046907423 -4.08991920765647 3.8574037114571 1.99174036156403
-1.17279883240379 3.96302400313617 2.27590271929085 -3.07549267767939 -2.59662025933999
-1.62125128330694 -2.99735339101406 1.16674105575 -2.20958032874848 4.39900366040238
1.21561827132707 -1.30532288705803 0.381326624783815 0.846200820679934 -2.68539998998261
-2.6835784827866 -3.90505805603545 3.78604160250115 -3.73425686415473 5.55633524118917
-1.68211957022762 -1.48127794829281 3.53481679992183 -2.6064481091508 -4.21596279015663
1.60739318563918 1.13509204898726 -2.28965561862185 1.99491187031812 -0.955943198834381
1.17248739141726 -2.87640234081357 0.115523058631887 0.405296425052224 -1.89943415830683
-1.00398101984023 1.88329615609814 0.690026103077861 -0.889602996333914 4.04804366937888
1.24137124664221 -2.37683248615032 -2.20200584785307 2.29965791755501 5.2597375960868
-0.244476502438042 2.73691862966347 -0.550190795952166 -0.542737443861664 2.53480100487505
0.288247843105806 -0.219770750378257 -0.966120756977753 2.06587169715493 -3.87006882228859
-3.03075585779461 2.26460829358939 6.08222581861925 -5.4332357522994 0.997930208630929
2.87333457246517 -4.17266318503625 -4.43267016421594 4.837522369238 3.94815943379348
1.09550303874835 -2.15459355410835 -1.77089855142558 2.09486573740741 4.95061058803367
-1.5207413598811 -2.62932292864657 2.60630068738997 -2.56224185455996 4.07331596102347
0.81349716730762 -3.75594479419419 -1.12971907701269 2.06297613032187 2.53188896829291
-1.12686049798615 6.44252946819602 0.828230956918127 -1.63011106309508 9.77135836285255
-1.47958026568229 3.648153742211 1.92895606040941 -1.94438156606784 0.928332841492671
-1.2484936898293 1.5555371619492 -0.27665662701703 -0.604857711372608 2.10876373808724
-0.686106316040697 4.68801400167469 0.600516213212442 -0.990316980414273 7.92316303682889
-0.846852114038803 2.41111292641752 0.585963305564467 -0.402498578475908 4.34320742788442
-2.25272579317056 -2.116406259719 3.39039851793753 -1.8927742831756 4.05891827766403
0.106814165787596 9.18245527504829 -0.488198226399919 -1.09358604602084 -2.33364501584135
0.514575558595635 1.67044793677937 0.676353832453759 -0.776867453515729 -5.23189235170282
0.573266227133794 3.04941549433589 -0.923892098848834 1.11742138186767 -1.95228746902239
-1.95168509732697 -3.18971764615107 3.98597259064733 -3.85060055895684 -3.77505838311621
-1.60578591847437 4.1122899081694 3.5401292510068 -3.41695546606569 0.212499509098413
-1.48587833108704 1.95103714272782 4.29188817547546 -3.19901174591176 -1.89399331205105
0.0134559556735934 0.998150151537175 -0.474834827125383 2.12981701906151 2.39125706973928
-1.73652983028317 2.65540849835585 7.65494481568552 -6.9123277240721 -6.66072470390528
0.447318492236781 4.77318385557373 0.469035839936244 -0.403911738705796 1.58059481665868
4.31587724406333 -6.18093242901242 -10.6948202066146 10.3369717579679 1.98259031537912
1.17904127954126 -0.173126854495124 -3.89017888402853 3.74572306373018 5.27081621558881
-1.36618857871212 3.79641052725727 2.90767165868494 -4.07404185052993 -0.996950793931903
-0.372897127041015 -4.83996529513685 -0.953499754697956 1.43303174152573 -6.65774826820562
-3.97098816944843 -2.18917426220183 9.93168174692848 -9.23897539973944 -1.18009794831067
-0.27783069934766 -0.0958537347636195 -0.173979107485965 1.16184872715893 3.37052219710953
0.650168701081852 -0.550460761057332 -0.456921112114311 -0.151193956806734 1.29139120994031
0.978519411979308 -0.692316757799086 -1.21390195729157 1.993605394835 4.58749206730241
0.796570531716414 1.5100825402542 -0.522340143734791 0.772498509932296 -4.74700832220208
0.685842146487785 -0.978807282730512 -0.10035241497582 1.46646223371764 -1.45061349411842
-0.738562836856892 -0.896630537811329 -0.33884217831287 -0.291198738552071 -0.265295791815371
0.744810013050846 1.64678142134358 -0.73454278839916 0.390871805121102 3.73915951456707
1.50460015795681 8.63436900119553 -2.80604714037857 1.33735130909977 -0.954257704607495
2.40771780027086 3.44354251445444 -1.15161765996388 2.7676357110603 -4.87937993462734
-1.00109317659077 -3.02412415583704 1.23310278230184 -0.232592070446179 4.81740835281661
-0.819312549308705 -1.37363022493298 0.650049803781605 -0.580580992709719 -2.94117634551637
-0.9192071236422 5.06194143368104 1.04835113810218 -1.07063511995328 0.967043357553891
1.94728960363032 2.22618601896548 -3.77796100476311 2.88963228096286 -3.17063486166677
-0.578622376410506 1.79231147191759 0.0403389035995379 -0.458261132553543 2.4983149496674
-0.216117841617175 -2.65682588594726 1.88046855271027 -1.86482161138556 -2.17174339436973
-0.464832586868988 0.361603919206227 -0.0846233658375197 0.271235076985353 2.63679300837355
0.832219197121696 4.11942786328582 -1.24568511873278 0.0139489908756426 -6.02633754275109
-0.185054977608115 4.67993619475775 -0.0369287325499035 0.561858369780375 0.612295669088444
0.974205480562778 0.386518378512425 -2.23743663745386 -0.0880048938898129 3.66219817084231
-1.88643119830742 -2.13508611114098 4.43757639796403 -2.98061669043623 0.0488263537756371
0.648210432840884 -2.9814018288683 0.830345467330932 -0.942074186389549 -0.976847498680012
1.07840943858028 -0.00890814660458042 -4.60814152266004 3.04685761527745 5.06547320710382
-0.887672191281373 5.30323554998705 2.96888186715982 -2.81096535305976 0.317365813935479
-0.851682026364806 2.9640317257222 -0.201418431849946 -1.50445118375081 4.53656257721296
-1.28868121839599 -1.42012037626899 3.28161788015856 -2.94806592359716 -2.83250357290645
-0.674718709476526 5.12676422927658 1.09413325663638 -0.459718391175025 7.74761473734017
-1.10914133742843 -2.78046439120173 3.12198385789537 -2.68448057602541 -2.30561637418151
0.548503975143437 -4.41523485187004 -1.05216897424436 1.38567297745456 -6.94593832925563
-0.667539872634328 2.99355076938136 0.399293444762564 -0.888564313176777 7.39572306753747
-2.32027352108387 -1.60727510622571 6.56812068509208 -5.37819177879418 -3.24673386947213
0.0034156986836954 3.29753699150897 2.85703673548348 -2.34683171434439 1.37111816122798
-1.69635109152621 -0.643581469760727 3.45373179603138 -2.80589203907605 3.79134106191478
1.8975469095879 2.78720414181043 -4.92242646443949 4.88629647487652 0.376786616693156
0.630289576769558 -0.560290818517845 -1.6694778587125 0.911642126212444 -4.71622955480146
-2.66065536321099 -5.76991763307525 5.12809085550066 -4.30811972245145 1.37803333113002
-0.95401575535316 4.59679688547698 -0.39260147617837 -0.784386754805501 6.86755619733349
-0.556401152509529 4.26833363557253 0.504170320152532 -1.36972743625834 6.22423184098063
-1.2734700742929 -0.269276843918534 1.42882168119331 -1.03843162846764 3.10989028081585
1.12735964498362 -1.95009151074832 -0.308551523173433 -0.486719586332569 -3.5754689604765
1.35586506036369 -1.04063167635055 -1.66924959116074 1.14089923767999 -3.38346074732627
-0.57719200362918 4.69490022668955 0.574655030689418 -0.955342285074452 0.315109018607646
-1.44058466596888 -6.90596762892153 3.89463096894064 -2.19451395507401 -0.472788146780225
2.29531604970901 2.79538319874754 -6.03002307736193 4.60650775214155 3.0703359894805
-1.49018501973589 2.38585407250255 2.4086704948144 -1.13333535225809 1.36994783797614
0.00121363032279862 -2.30322429715165 0.788078045988968 -1.13197570102219 1.07329449341704
-0.585928381801839 0.407399077861341 1.46854998439611 -0.318612066600683 0.190368840884203
-2.00931201917786 -11.9483885800449 3.03705245920179 -2.5315507358815 2.49977754930344
0.11411225479284 -1.91345214137096 -0.0166780283226394 0.821573153700934 4.73895310036946
2.85015151483733 2.37704018497414 -3.31256056019697 2.67721460169172 -3.88228288358408
-2.5276052052673 -7.07450932749947 2.9922951949526 -2.19881704460338 3.48269215782128
0.597444449739778 -1.4253869391786 -0.786003966776751 0.328940195322898 -3.90452905863116
2.9819899753104 1.95347667157455 -6.05233326495641 6.41715756533204 0.563435319823333
-3.14586385606725 -1.96167761913938 4.76703797148579 -3.96765128421122 -4.23355002814087
1.56674646130813 2.23146276356847 -4.99173849605113 5.01915837248758 4.71500829082331
0.0961019732759447 -2.57367856865734 -1.42707245725977 1.54774442661178 1.92405531841259
-4.18382275131675 -4.17944957976236 8.08178983723013 -6.47559900229555 -4.22382530248729
-1.18941672675253 -1.71245168196976 2.22373697078417 -2.99806292521421 -3.6151279764075
-1.27671249415232 5.6977914768458 3.02845638248584 -1.8574287499374 -3.90161324278855
-0.187589341183676 -2.04788570340458 1.88429148448004 -0.47396900786189 1.35271155887453
-2.60134864244104 -3.46582581354348 4.80170490570521 -3.26588473767111 5.19806398287013
1.64360181234012 3.82215019153399 -3.64216760640867 3.32644036975457 1.70090501351422
0.686556313155038 1.52372156056412 -1.20802610305179 0.597171999662878 0.0285339799034185
1.19920681285775 -3.19417333096867 -1.21342296332106 0.466180288264223 -7.50631782171638
0.387284067863055 3.48724858192308 -0.499468416243719 0.876379287037684 2.06046568569942
-1.92489777958636 7.88291958703926 2.99725314413857 -4.15201085277872 -2.36958740986821
0.637399407657359 -0.811402422481543 -0.260389598714063 -0.574089490381513 -1.19954369259899
2.63037108531468 5.44930038481224 -3.50776331058677 4.50806209907357 2.18928848233893
1.33367431684157 0.153391406708705 -1.18930023560464 2.23593897265131 1.12766821137095
1.2605342235015 0.198569782109373 0.291648618794543 -0.301866020871238 0.146872456047038
0.242407039483989 -0.647927851527644 0.259372181911465 0.224317232955645 0.864327000047336
1.92445390711781 0.158990340822864 -3.42619696660005 2.22882522082431 1.68970910280148
-2.38550070529408 1.46196929607885 6.47999132432583 -7.24654654304066 -6.69802108245872
0.105879949415229 3.81386739244571 0.466785441630896 -0.435489245376955 6.25561008986639
0.745837796614437 -3.52587648636213 0.174806867874552 -0.119080098168243 -1.6133391238861
-0.813224795775372 4.8483931227956 2.65526243507186 -2.8572120279277 -7.114069925096
1.16441459022862 5.26599006675915 -1.52674026119983 1.47936588386222 -5.88418410127337
1.36428417077838 1.97218052578938 -0.857335619459647 1.22852946604644 -0.32943597524028
-0.133085593834886 2.02386547850033 -0.247064759575167 0.746081983144377 -0.902151301524714
-0.504611691753484 -7.39663716820683 1.40858306619989 -1.30940492002915 1.86705171089354
1.05483396996874 -2.55113594000221 -1.14193308716116 1.06578638165715 2.41880504123992
1.13945961491137 -4.3779349054915 -2.84952809297281 2.2780295608019 4.01707725088401
-0.183364940577497 -0.0129851423262428 1.76750256079892 -1.74177582360825 2.98812667529169
2.34321681075345 0.375085313457023 -6.95290684802745 6.73671739680465 -1.95797650370851
-0.919711682205775 -0.122538848067003 2.39527579664877 -1.35987846704088 -4.50860842301651
0.81300372404404 -3.83924573618987 -1.33335162005139 1.38217368029947 2.43268789474387
2.62891814051433 5.32627665649038 -6.19697852933632 4.62605478783074 1.96091951330539
-0.879545563850732 6.04571904320111 1.17673314032595 -0.722887345868039 -3.3556062232627
-1.28479506758672 2.33901331281306 -0.154310061917546 -0.0662375827796822 3.13701853262002
-0.642543595388289 -9.61099500862935 -0.955862295326241 1.45905706543637 9.27556580858324
-1.18995404835205 -4.52323772129543 1.07739216313793 0.00535089435270197 6.49751023756036
1.92729056517809 -0.679959949276854 -3.99408030126068 2.83943307759796 -2.05923134897262
-1.1581540881376 -0.786826172571256 -0.231905538759012 0.316661013633328 -3.54492185900354
-0.824866956705775 -2.26605359072841 1.24651601449438 -1.35060998510516 2.31814175900146
0.247656544217087 1.20759643852005 0.18579363477739 -0.221227524985409 3.19990251392599
-0.709930921571587 3.78548174607393 0.469546425989208 -0.864025023734968 7.43574946422631
2.17135498892404 -1.92874486906361 -1.93478667026113 2.68410651139721 -1.71396577483724
0.124696493233167 3.13347019608576 1.04178884854053 -1.30085269000913 -1.3676675845037
0.20859236911499 -2.60837632397507 -0.265527510896099 -0.54382498072779 -3.51439440069369
0.643731521106294 -1.23942327794069 -0.110063254203831 0.0822940149578928 -1.84550497699761
-1.88006478442862 -2.95646233968802 1.90671381328904 -0.750513551250683 0.98874700176375
-0.0208846582142064 3.51010815519353 -0.730398303024852 0.278284473872872 1.93824967547549
-0.958665844779925 3.78419858786263 -0.408787673369604 -0.854278581879668 0.876546160439872
1.45634524796703 -1.42472154814746 -5.39644460707965 4.50248357692592 2.54376145211004
-0.367861734757948 1.7964739761044 0.631007413035564 -1.44864359723611 2.19361567561495
0.031737021488147 -2.2240973034532 0.0822279965157013 0.0925017797388603 4.55477308983699
-1.22669369233493 1.21064961581802 3.14925214640432 -3.48176568795653 -4.35329886369732
1.73568050228708 -2.148048195101 -2.02913272578684 1.48230676963449 -1.46703068829974
-0.175408711796291 -0.676167596762636 -1.3508534270301 1.24324714747733 0.644857139283611
-0.113793339988065 1.93231751455439 -2.46643548125059 1.02667661839396 3.22593169437109
-0.441343066396499 -8.67796464067906 -1.00181611661197 0.525729542038823 2.08422876240122
-1.04793382128325 -3.41598935744182 1.48463104197084 -0.81399124391416 -2.92614404937536
1.73322080992892 -0.724931515866498 -6.85178975686215 5.75006633555381 5.31495149752417
1.03368066915407 -3.87897876932293 -1.32097402377058 1.9888699365649 -0.539938140914101
0.697483155642451 -1.99255572205533 0.196343852137054 0.123638211745803 -3.67662124522989
-0.83217246463361 1.37793415806898 3.85673187436488 -3.89794309881285 -0.813750115463864
-0.461736037465963 4.58863109302001 0.708898353581245 -0.734275165318604 -6.35354959980885
1.31711575021131 -3.86019450972549 -0.502253905265127 0.850368115830223 -6.44893118816322
0.874957013080911 -1.04595844531203 -0.529620443334238 -0.217385605901962 -2.4515118126172
1.84731811173044 -2.11646130298756 -4.49854048515504 4.85215723945789 2.88125786888748
-4.17039708760615 -5.68705586911885 5.96815721031492 -5.14820473914856 4.8518706123561
0.279580972846516 -2.17406179424733 -0.089503691533416 0.957350581809113 -3.33634391799542
1.13991906801299 4.61738457310611 -3.22465012345825 2.42967401267327 -5.4301526554478
-2.44233181640244 5.83229602578483 6.38247319626994 -6.50089268715736 -1.28150948120092
0.799900716497005 1.46890576446637 -1.15387393259015 0.0185273937273973 -4.1767193843648
-1.33569811150793 0.195715186995469 4.33521164369601 -4.35644143172134 -1.08965344540675
-0.00860602413311085 -2.72145823595786 3.25610085303556 -2.41565302909554 -2.61355819326363
1.64714901295131 -9.72670749244769 -2.65098584409368 2.57087041497692 2.87664281606896
-1.76801404582824 -0.500132040070218 3.96401951985816 -4.53438043484599 -4.06637807667383
-0.731315679923112 8.83202949514655 1.4053280273932 -2.3070377769417 -2.12130293288353
0.651627811682303 -1.80043824557193 -0.270607130543331 0.411103614932788 -3.17850109020593
0.229408388155912 12.1123005442707 1.02069461303281 -1.331088888095 -3.49183405489921
-1.5054194036529 -0.998721391711554 2.11740954121972 -1.72156481074411 4.14834455660326
0.385751987941657 -2.04743333623803 -2.06116836800441 1.54189361916225 -2.8338186040907
-0.104837145669951 1.77305115075032 -0.167675630209211 -0.518385790594521 -4.36031738862441
1.00029460259896 -2.19067159995388 -2.23956304401954 3.39310031304654 1.62671082637083
2.15977950323394 2.21267204989089 -4.19912669622321 3.365830394521 2.46408481164073
1.27492436679986 -4.73385384947119 -0.894750296826764 1.563897019125 -7.42273693488395
0.320349020560743 -1.14645454129405 -0.394771033686518 0.678432987997748 -0.676440058763928
0.762206835175413 -4.10197155343484 -0.289085245941728 2.11779386336747 -6.26467102271763
-0.818813443245341 7.90655481714205 2.12296295787217 -1.24086760963053 -1.53803102620225
0.109257237992128 5.82358817681722 0.172123637395002 -0.131824318520392 -0.0462150250097716
-2.40396370277331 3.95808394801172 5.03561638789676 -4.49404250088283 -2.90090860149653
-1.70346598809814 6.70426024435182 0.983131477409237 -0.99036026075447 11.0127137275409
-0.286345052020811 1.10383876232338 0.261785184402968 -0.165231826559847 2.88778068145188
-1.23896368581203 4.24209870410848 0.981017435622393 -0.459483428312538 6.65142824348052
0.119791337701767 3.31999894364903 0.535493461203139 -0.402439338833535 3.60242755185399
0.676572247287945 -4.96653537503003 0.607627563965271 -1.55376450058267 -0.830788668608985
-0.744570686218162 5.18641273912973 0.867056909351458 -0.0897524541604959 6.50401311141805
-2.02434458537459 -2.90161454449668 4.95148904172656 -4.17069020234537 0.461917672810664
0.210429374954733 2.42121437734943 0.697003428359125 -0.438562275962755 3.46101010574133
0.0161048025089791 3.68125302544945 0.508448580267581 0.0978236482945863 1.48236079528049
