"X"
1.73062657183948
0.615032798144966
1.23291658605905
1.00408444921942
0.204201349522918
0.208788108080626
2.28364334171002
0.0100478283129632
0.0680707069113851
0.114498871378601
0.0772506664517933
0.40737671777606
0.158177490610407
4.22361050382359
0.582294818945229
0.199463131371886
0.38845669947238
1.20983474511178
1.18627108815582
1.74861950418892
0.87226608866923
0.139978507654804
2.04735060027781
0.819022349971247
0.572562408167869
1.77044915585759
0.141495036426932
1.37027903362633
0.763635841156256
3.30249086005573
2.73533040458772
0.949273003223252
0.601282124407589
1.53393362977001
0.326659286255522
1.47488872996892
0.632212120573968
2.84494485600893
0.533212037291378
0.912389446007919
0.538574841804802
0.0813114526681602
1.14262930951537
2.5603522005162
0.519510510377586
0.521639893762767
0.357148675362951
0.0989613477140665
1.6960535365248
1.70306999041679
0.572665554936975
0.502226839307696
0.568429408594966
0.308709829114377
1.20556476987423
4.25545491625495
0.14793489373557
0.701287529303204
0.762758849146676
1.26808995864357
0.697423018473101
0.990580174098623
0.918098428244603
1.86055064192953
0.359954799059778
0.532675347290933
0.364264454226941
2.0593406985605
0.423887521959841
0.210596370976418
1.05538400072129
3.09003899229651
1.30015721819819
2.34439587021682
0.943357782396388
0.993450923780811
2.33330485770915
1.58805252603235
1.60569491787794
0.486764617026087
0.331126181408763
1.70726476003867
0.644376094918698
0.641483853571117
1.98585077553036
0.202270981390029
0.984285635552973
0.218558208653368
0.847570664453837
0.0769935678690672
2.65860786090109
2.4523444406257
0.914420649436653
0.185259955820936
0.661908091977239
0.18332692887634
1.97701182394269
0.545293995179236
1.38729626676979
0.214422835909609
0.742724725003255
1.67880148804727
2.76755295495007
0.719847727157895
0.0154842692427337
1.14237630083681
0.522962282534175
0.125009219114916
0.0947493994608521
0.768548406348594
0.0599456075578928
0.339889272116125
0.565852546598762
1.88792453511598
0.132801719009876
1.95911673448029
0.922785224351001
1.67500191546025
2.65255290443513
0.723397999959898
1.05959514896841
0.0859018112649883
0.989996700505626
0.916356130412446
0.11631466448307
0.411429191939533
1.256096762563
0.648474783170968
0.193479564732235
0.462996137794107
0.237548653420738
0.268423325391305
0.368243400473148
0.69106592098251
2.82223127020483
0.456923487596214
0.836663631805497
3.63724494311997
2.554151703749
0.979831414255214
0.620936246123165
1.25249854377927
0.192163529805839
1.05134927849741
0.436108041089028
0.0564439174206722
1.1433365298015
0.994110509711218
1.35925357412071
0.0113751878961921
0.234672843944281
0.170828772243112
0.217136604443037
0.739867019814005
0.469746720045805
0.2870057891123
2.1571191305897
0.39494437770918
1.09018902942063
0.949442780534637
0.154499840729516
0.714047704781306
0.300557983107865
0.234531128779054
0.706523509654117
0.0375825632363558
3.12692023796921
1.30049983759015
0.512008305639029
0.38602520795765
0.0355747938672805
1.79780016086044
0.101729183923453
1.99517695783618
4.19771160532661
0.445451149251312
0.131510561664617
1.11148068025233
2.61066987911675
2.29980242798541
1.90780860363486
0.752636400009406
2.08492602214913
1.67509986824336
1.17051565270395
1.26100731552536
0.366646445356309
0.316483894363046
0.200807446148247
2.25980620404498
0.163762369658798
0.278824784901726
2.65210220763896
0.971020390237582
0.436169299435914
0.086389624979347
0.408544218987804
3.13800643417491
1.68515310241821
0.0658167328727506
0.143945697081467
0.638685217592865
0.780045822220755
0.665286982432008
0.0816972204484046
0.569699147194198
0.350154679746664
0.0905111274460743
0.0368528249812041
0.0760557080865113
0.819743593181384
1.04402295775236
0.726540734673751
0.926448600324702
0.168933202186466
0.0302981093694258
2.87621854897912
0.0735664526834077
0.643084922339767
0.306181945372373
2.41180661947725
1.02681575990738
0.83843787569077
0.860622841822815
2.69495386431429
2.56811646545742
0.848159659611893
0.504841192625463
0.192736383611725
1.04698729510875
3.39450886828785
2.47688334608886
1.04249460990996
0.697299734647286
1.14449727624179
0.484254960436374
0.413286674767733
0.559465638827533
1.29814149714531
0.0590613488979928
0.0717831573241856
0.708522443617594
1.34656935832919
2.54139697725389
0.623930696863681
0.218468368053436
0.0910035893321037
0.0348102668787659
0.730216396930528
0.988230151082289
0.135741189587861
0.0327232467983357
0.431941278110888
2.16216308797214
0.0593306766822934
2.32946011402136
0.971531260716629
1.82571703000906
0.624528209213167
0.604388789273798
0.0872623487375677
0.9419709033844
1.6938777155334
0.53337614191696
0.118886895477772
0.764567281077516
2.37627424473379
0.268954826518893
0.0518909846432507
0.261070906206529
0.491965606343001
0.319975315127522
0.620712191332132
0.160064477939159
0.041538227815181
0.115974865731609
0.190128416288644
0.492128229700029
0.45984295476228
0.85320294644208
2.03917801371756
0.263620539465496
1.27111710955349
0.95932808234812
0.445439125876874
0.0785608945377619
1.21856044787438
1.0577284162444
0.311771636363119
0.134627769235522
3.2340376524437
1.35774400826068
1.66329799533916
1.89108735128286
1.65250579631867
2.17933470556948
1.80803063317182
0.22832941962406
0.340240743476897
0.262120050843805
